57 1076
1 0
2 0
3 2
4 0
5 2
6 2
7 6
8 3
9 8
10 7
11 6
12 0
13 2
14 2
15 10
16 8
17 11
18 6
19 17
20 2
21 4
22 12
23 21
24 9
25 12
26 16
27 6
28 1
29 2
30 20
31 23
32 11
33 12
34 28
35 9
36 13
37 9
38 9
39 3
40 24
41 0
42 34
43 15
44 8
45 20
46 0
47 19
48 28
49 25
50 25
51 40
52 50
53 20
54 43
55 36
56 26
19 2
13 30
8 51
41 33
18 25
6 41
0 17
0 49
40 22
33 26
35 18
4 26
1 24
43 42
3 17
42 1
34 41
56 38
56 28
20 4
40 33
49 32
17 33
36 46
47 27
3 24
48 54
32 36
33 27
9 22
11 31
48 25
27 11
47 40
2 32
33 23
14 22
32 16
1 19
30 23
34 8
54 30
11 5
34 10
51 20
40 15
26 32
16 6
15 17
54 56
51 1
55 41
1 35
10 36
28 14
55 43
26 3
55 16
10 46
48 15
19 8
22 52
13 38
1 50
50 27
8 2
44 19
39 37
50 2
37 0
52 6
15 32
55 18
47 13
38 7
48 26
1 8
54 50
42 53
22 51
0 34
27 3
7 13
36 21
17 20
33 7
15 36
22 13
55 20
48 46
21 24
40 3
9 51
10 9
39 10
26 34
17 47
52 48
8 56
27 45
54 5
17 51
36 11
47 1
8 53
31 29
13 28
22 53
14 38
24 31
17 46
21 11
49 47
30 19
18 24
37 43
26 53
44 42
2 23
24 4
50 56
43 38
17 5
16 20
7 32
42 27
39 47
35 15
15 44
47 56
4 8
53 54
39 42
24 32
0 52
37 48
20 7
38 16
2 54
8 30
11 30
53 24
39 11
12 37
48 44
55 34
26 45
11 10
32 23
15 55
22 39
15 30
5 4
36 41
1 6
31 33
55 40
11 13
52 41
9 23
51 34
14 29
3 36
37 2
39 51
35 30
45 7
19 4
41 31
17 29
14 7
41 18
47 5
38 18
48 36
19 20
30 3
12 15
9 19
5 36
54 55
32 43
23 7
13 56
55 12
24 0
3 4
44 37
4 54
35 53
39 29
24 19
18 50
24 51
31 15
19 40
38 44
51 46
24 7
51 27
47 4
48 24
53 21
20 3
4 32
15 19
24 39
49 5
25 36
21 2
31 38
13 42
1 46
45 44
24 36
9 20
9 21
32 8
30 25
15 16
36 26
25 33
27 37
2 47
17 28
49 29
40 6
32 17
0 18
27 25
26 17
42 2
20 14
48 11
45 37
18 5
44 46
18 47
37 17
53 37
37 1
10 4
18 15
48 41
5 24
24 34
45 9
18 54
40 35
21 49
43 23
45 39
12 50
28 31
13 43
20 1
21 43
53 14
27 14
34 6
43 3
31 46
38 34
20 49
54 49
13 26
46 49
10 30
35 41
43 8
20 10
45 34
28 51
40 25
55 1
34 48
45 17
41 4
6 37
49 38
36 42
5 23
8 18
1 25
12 20
22 33
15 3
4 23
49 50
5 46
8 6
19 25
50 28
4 22
3 49
46 2
9 50
53 6
33 47
19 29
17 21
16 45
25 9
54 33
9 0
27 35
14 26
44 10
22 44
24 50
5 29
3 28
26 27
17 48
53 13
25 10
44 28
24 6
53 15
27 13
33 52
15 56
54 21
26 49
5 53
2 45
28 35
43 0
39 6
8 5
56 45
8 52
9 32
31 42
44 24
16 37
8 50
46 27
55 2
41 56
25 53
51 47
10 31
52 19
34 14
46 35
31 20
11 12
39 41
44 5
1 48
39 32
8 48
13 34
53 0
11 45
14 18
32 22
55 25
34 33
56 10
6 38
27 38
0 11
48 39
28 49
37 56
8 39
54 44
56 6
21 44
19 41
23 50
26 2
48 20
25 14
39 14
34 46
55 37
55 29
48 43
55 26
6 20
28 40
8 36
14 49
23 27
39 13
0 26
41 7
6 36
28 27
14 37
16 48
42 30
41 17
51 49
21 39
22 21
6 42
6 43
7 28
51 18
33 15
22 3
8 10
29 30
14 1
13 12
31 32
13 8
22 55
47 30
11 35
28 10
33 46
24 45
18 42
44 14
52 25
37 30
54 7
54 27
54 32
52 3
18 45
45 43
53 23
56 11
38 10
56 22
9 29
51 42
29 48
42 48
43 19
26 1
17 13
35 34
22 34
48 9
24 52
27 22
37 21
32 40
39 20
35 39
14 31
7 5
0 40
14 30
33 29
3 41
50 7
13 54
53 29
13 44
45 12
13 29
9 41
51 16
52 37
4 11
46 21
7 15
0 16
41 40
42 55
33 8
31 47
33 28
29 21
52 10
5 1
40 21
17 42
36 22
7 22
53 45
48 23
37 50
23 39
20 32
28 43
39 33
25 43
42 49
30 51
33 18
1 29
14 36
44 32
35 42
20 44
33 4
28 19
43 24
53 50
26 12
55 38
16 29
19 7
50 40
38 17
46 32
13 15
13 31
20 50
41 50
16 23
45 28
9 13
41 5
44 55
7 8
41 10
41 45
13 52
35 8
8 17
49 23
9 3
28 36
25 13
8 31
6 28
5 40
30 50
53 33
51 54
31 37
31 19
19 49
9 15
56 5
47 6
50 4
46 19
34 32
1 32
12 19
19 22
0 47
10 29
29 50
34 23
12 35
16 13
29 40
33 16
45 30
41 1
20 0
35 4
21 56
48 30
11 43
38 1
41 2
32 37
55 47
28 53
43 14
50 46
44 47
34 47
47 3
19 23
22 30
14 16
54 39
41 51
33 2
9 55
6 31
27 20
9 28
30 21
52 26
16 11
26 51
38 12
35 37
54 35
50 15
35 52
51 56
56 55
38 50
47 50
6 22
22 2
10 37
46 9
14 11
48 27
11 18
3 44
52 11
29 4
8 55
17 14
23 44
6 4
26 5
33 44
46 56
50 36
27 21
40 48
11 34
25 34
52 55
16 41
38 4
48 47
54 10
23 6
33 37
10 16
19 11
18 22
30 6
26 19
21 42
42 0
54 16
38 3
11 51
55 11
29 52
16 21
24 14
40 8
34 19
42 4
56 48
40 46
14 54
46 7
32 25
52 20
9 42
46 30
53 10
42 12
36 51
24 27
38 53
46 14
20 35
15 14
54 31
38 30
47 32
1 10
24 10
44 0
19 36
48 49
42 45
17 54
21 26
11 7
13 37
50 39
48 2
0 29
47 12
23 51
27 10
13 20
29 43
17 10
52 14
43 35
34 50
3 25
11 44
5 25
46 4
12 6
20 36
38 5
36 38
28 52
32 38
3 37
50 16
51 43
55 7
21 47
31 55
13 23
54 12
1 33
50 22
43 5
38 51
39 19
25 4
12 14
54 45
40 42
25 7
56 42
24 33
7 42
49 45
13 49
54 40
23 18
21 7
48 38
10 23
12 8
3 23
46 12
49 22
53 55
17 55
44 25
15 6
32 27
23 56
26 40
26 44
21 20
25 6
51 15
30 28
51 44
0 27
15 4
25 2
49 11
21 28
18 3
47 53
45 15
8 49
25 16
48 31
33 11
18 20
16 5
39 38
27 29
29 56
42 16
35 2
54 9
45 22
1 22
36 47
23 52
12 21
22 5
35 36
43 33
4 37
7 51
52 21
1 15
35 7
2 24
32 52
15 21
15 49
6 44
47 35
10 12
32 28
7 29
46 39
4 51
55 23
4 13
18 29
31 5
16 19
37 51
9 33
16 35
38 21
47 7
26 9
38 40
51 52
18 26
26 7
36 45
12 28
30 41
5 12
45 47
56 32
40 23
54 6
6 26
32 29
4 48
23 36
38 33
35 25
34 20
24 49
55 49
17 35
54 3
6 17
26 30
9 5
1 3
52 47
37 36
25 45
41 27
25 51
35 29
49 10
29 51
18 10
47 9
35 44
34 21
50 42
30 0
14 9
0 38
14 56
0 31
32 41
22 10
42 14
46 13
7 37
10 2
41 13
21 41
5 39
12 51
46 6
26 10
16 46
25 39
14 47
12 29
10 47
27 19
23 1
14 8
35 49
33 42
51 31
48 7
19 37
4 28
52 42
47 16
45 52
54 19
46 18
55 30
54 34
20 40
22 35
47 43
41 14
12 41
28 5
52 15
35 24
2 51
46 43
31 26
20 43
18 37
3 34
52 46
11 9
23 12
20 56
12 3
14 40
56 0
50 17
0 15
15 34
35 26
3 42
36 54
49 37
56 19
53 11
3 16
29 3
45 31
41 49
38 45
25 17
43 22
36 29
41 43
38 19
45 4
46 45
46 55
28 18
0 8
56 24
2 38
19 18
55 27
20 33
25 21
52 54
0 22
16 24
6 9
41 44
34 37
21 8
38 35
3 46
23 35
11 40
49 33
8 45
45 1
53 48
15 2
13 40
17 22
18 32
31 25
52 5
44 29
11 3
0 36
4 14
5 20
24 12
5 15
53 41
50 31
42 32
45 29
22 31
13 24
17 23
56 25
50 26
26 43
48 12
26 39
0 7
8 27
48 22
31 35
37 5
6 49
13 18
48 18
51 53
5 42
21 18
11 1
56 33
32 30
43 50
31 21
50 44
53 46
55 4
24 55
10 42
53 19
6 29
16 22
0 23
13 1
7 3
21 1
15 27
56 35
30 24
33 30
28 16
34 5
0 25
27 5
55 28
11 2
28 2
17 24
32 12
42 19
10 43
34 29
3 31
53 32
55 39
23 45
40 37
39 0
14 23
0 54
33 36
50 11
56 3
39 28
52 38
5 30
40 10
45 40
15 39
1 54
28 0
53 3
0 00
1 01
2 01
3 00
4 01
5 00
6 00
7 01
8 10
9 01
10 00
11 10
12 01
13 00
14 00
15 10
16 01
17 01
18 01
19 00
20 10
21 00
22 10
23 10
24 10
25 10
26 10
27 01
28 10
29 10
30 01
31 01
32 00
33 00
34 01
35 00
36 01
37 10
38 10
39 01
40 01
41 10
42 10
43 01
44 01
45 00
46 10
47 10
48 00
49 01
50 00
51 00
52 01
53 01
54 10
55 00
56 01
