86 1709
1 0
2 1
3 1
4 1
5 1
6 5
7 3
8 6
9 7
10 7
11 2
12 3
13 7
14 5
15 11
16 2
17 1
18 7
19 15
20 16
21 4
22 6
23 11
24 10
25 16
26 4
27 0
28 18
29 3
30 5
31 19
32 8
33 11
34 9
35 2
36 20
37 25
38 21
39 31
40 39
41 16
42 12
43 16
44 37
45 33
46 33
47 26
48 24
49 2
50 9
51 40
52 20
53 23
54 2
55 35
56 3
57 5
58 38
59 12
60 52
61 51
62 43
63 26
64 40
65 43
66 0
67 17
68 49
69 25
70 24
71 69
72 54
73 45
74 69
75 39
76 23
77 59
78 3
79 43
80 44
81 33
82 4
83 24
84 68
85 43
15 76
76 14
28 50
56 45
79 80
32 56
36 15
66 4
83 30
30 81
73 10
9 45
17 55
63 8
5 42
85 37
63 13
82 8
35 73
8 42
29 25
70 51
9 82
55 44
58 4
40 8
34 20
9 66
49 25
62 28
9 53
85 63
7 80
25 27
54 68
58 57
44 72
80 13
16 67
15 62
34 18
51 79
12 85
61 64
70 57
39 48
49 54
79 32
43 74
24 28
30 64
12 25
51 62
29 10
28 36
61 50
41 73
34 68
59 51
35 30
53 52
26 67
23 8
79 85
14 8
77 38
33 5
49 50
65 41
50 4
51 50
74 26
75 58
4 42
7 6
81 85
18 80
16 13
45 43
59 62
43 34
83 84
54 43
43 40
7 57
53 63
64 54
78 28
21 28
85 7
49 0
62 24
47 81
0 37
58 72
77 8
67 77
43 35
13 84
85 69
58 83
50 43
66 28
23 57
57 72
64 82
81 41
72 3
71 3
55 80
41 74
37 10
15 74
32 71
12 35
2 57
45 64
18 61
2 56
22 25
44 47
70 67
32 78
71 25
50 36
28 13
4 74
32 1
82 6
12 77
57 15
81 70
84 57
52 3
11 5
52 21
6 19
67 6
6 71
23 81
7 59
25 15
84 2
24 37
29 46
81 66
47 52
35 33
20 38
76 84
25 68
51 44
59 84
66 52
33 15
21 10
58 85
68 3
56 76
43 17
1 85
0 15
43 20
14 10
62 83
79 54
46 73
38 36
56 85
71 52
10 53
75 74
46 21
10 79
68 6
58 28
60 10
81 13
19 12
84 8
58 17
15 78
80 14
20 10
8 27
41 60
43 60
4 20
30 39
44 56
84 54
56 12
29 59
76 39
80 6
49 17
68 19
13 77
51 3
0 5
22 66
19 0
25 62
23 15
62 45
25 61
84 41
13 19
85 48
56 10
59 61
79 11
14 57
3 4
43 27
0 36
74 8
63 40
14 20
0 68
80 46
53 69
28 57
67 48
11 52
44 81
72 6
35 21
10 70
33 6
20 5
61 76
30 22
34 72
58 45
61 15
28 11
67 32
65 44
78 10
35 9
62 53
5 32
23 2
0 47
27 13
45 2
66 53
14 85
58 76
17 4
85 74
14 3
77 53
13 12
32 47
15 53
56 54
49 4
16 11
29 35
71 11
24 73
72 59
80 42
69 35
24 36
27 4
17 38
27 85
29 83
64 20
69 18
28 59
58 46
6 52
74 39
16 52
47 15
35 80
47 68
10 42
49 18
56 80
85 65
29 39
67 58
19 25
29 20
29 81
22 85
81 42
21 13
14 28
30 72
54 8
38 31
23 54
74 59
34 67
42 24
79 35
20 49
24 16
67 18
41 34
4 36
46 68
80 40
23 0
37 41
7 83
41 55
66 3
77 40
7 11
42 57
35 60
0 74
69 34
24 33
19 45
41 36
56 28
21 5
39 49
9 18
1 46
81 71
75 63
67 54
40 78
71 85
66 43
18 22
20 77
20 2
76 37
42 9
12 37
44 4
47 39
2 40
22 63
19 28
79 75
28 60
80 58
80 73
7 68
56 67
27 46
48 8
59 1
75 42
33 64
43 49
72 66
22 60
69 37
19 11
33 72
52 84
12 23
49 31
43 44
14 9
49 46
5 50
26 56
28 42
58 15
53 83
3 33
81 32
82 43
1 38
3 2
3 42
52 27
9 1
34 75
81 73
61 75
74 50
32 28
2 70
48 32
62 72
47 54
36 9
69 29
37 38
63 25
63 5
1 52
65 4
82 12
64 34
20 7
83 61
76 67
85 49
21 25
5 45
55 38
2 24
14 0
31 72
27 22
64 46
81 31
0 84
70 3
85 29
83 59
45 48
43 14
0 69
66 46
52 14
77 83
73 3
78 9
8 56
67 55
64 29
14 17
59 71
9 31
21 20
64 70
80 84
31 4
32 69
74 22
40 12
50 27
74 46
22 77
30 3
85 33
1 51
81 59
82 59
53 16
70 45
44 16
9 71
4 23
64 74
6 9
35 52
67 27
25 48
76 52
62 12
38 79
80 47
79 45
81 24
79 9
44 70
27 31
60 64
25 56
46 71
64 27
72 70
76 9
34 57
23 80
77 76
9 23
20 67
10 59
13 66
45 67
80 48
54 19
27 69
43 1
27 12
15 6
66 59
75 81
42 40
22 79
9 65
74 20
21 3
13 9
67 59
60 53
41 51
45 15
77 51
39 20
0 73
0 62
10 11
18 52
24 21
59 70
18 62
41 30
50 38
8 62
48 9
4 79
63 31
58 32
81 14
82 68
34 83
68 57
70 76
26 5
6 12
19 10
13 73
41 47
11 65
54 28
80 25
27 44
52 63
23 45
4 59
43 70
67 65
70 83
2 41
68 23
50 70
63 80
19 51
67 24
85 68
54 22
23 31
14 25
63 41
27 40
79 18
28 45
59 39
67 50
20 61
17 2
70 8
39 16
55 54
54 61
34 12
26 27
0 55
69 62
27 45
33 26
13 29
79 2
63 64
62 46
69 14
31 69
25 33
16 85
41 69
51 20
25 38
18 48
36 12
5 49
64 56
31 80
50 63
1 80
33 17
37 45
43 47
72 63
29 28
45 22
55 51
25 58
82 28
17 79
67 29
66 24
32 60
73 25
84 15
47 11
8 73
84 51
85 77
31 55
36 83
10 35
25 72
2 59
30 15
44 8
84 4
75 10
54 33
3 77
33 75
21 81
4 11
17 69
80 27
64 62
13 82
61 26
79 41
17 63
11 38
46 7
57 49
58 53
73 69
17 21
31 58
76 42
0 21
13 14
79 5
13 78
9 20
35 62
17 15
21 11
82 22
4 13
42 45
7 17
62 50
48 17
24 79
15 16
33 68
78 24
15 37
17 52
69 78
62 54
18 84
58 40
73 28
11 74
58 35
4 76
54 51
21 83
59 52
13 56
81 17
53 22
75 43
60 83
42 2
72 42
23 51
67 19
63 0
50 58
63 20
53 51
46 72
32 4
12 17
31 43
64 50
20 80
59 55
30 54
24 29
45 10
47 38
72 21
67 35
44 38
18 55
82 52
61 81
11 60
72 36
29 45
22 55
53 21
59 65
79 52
32 39
1 24
24 23
17 28
83 48
66 18
52 25
20 28
57 38
77 32
37 13
54 1
26 19
63 24
65 5
71 4
37 72
82 50
51 57
77 2
19 24
4 19
75 12
36 46
75 38
73 32
4 53
38 3
68 71
78 53
53 55
54 82
11 68
68 65
31 83
10 77
39 27
23 40
8 0
36 11
15 26
25 8
80 16
54 34
3 19
12 1
34 53
47 9
69 60
25 74
9 55
69 24
70 52
83 32
18 81
84 11
6 56
4 85
30 69
56 57
16 4
80 41
27 53
12 55
2 74
26 80
72 16
19 38
5 25
66 15
41 15
1 69
60 24
23 67
46 55
22 84
28 76
85 21
6 81
25 64
59 34
3 23
54 52
14 51
72 0
44 12
59 60
67 79
67 62
69 63
8 47
11 1
32 7
58 54
62 41
69 49
68 79
58 2
67 63
9 46
57 4
38 48
17 19
85 67
3 15
9 37
24 49
29 44
26 77
18 70
12 7
84 3
35 28
78 18
10 1
73 6
73 76
20 81
13 51
81 25
43 30
71 51
38 60
47 20
37 64
18 16
69 54
22 75
84 35
15 48
42 52
67 40
54 37
0 51
38 49
12 29
74 3
27 10
0 43
21 50
8 31
50 84
45 68
84 25
68 59
63 10
73 54
32 42
4 37
35 8
83 16
19 64
6 28
75 51
23 6
73 22
28 1
60 80
20 48
16 57
54 77
53 65
30 26
56 40
80 0
39 50
77 0
6 47
83 13
41 70
8 33
64 41
17 68
30 53
77 4
42 35
46 16
59 58
26 37
44 60
28 70
9 49
53 74
57 30
26 78
2 26
77 75
3 39
9 63
20 70
13 34
61 2
28 33
81 76
77 44
61 32
67 21
29 8
57 29
56 18
46 69
20 62
62 32
46 4
57 61
37 40
42 59
54 12
2 71
17 39
82 67
63 12
51 85
40 49
44 83
80 57
84 45
75 29
16 54
79 59
71 20
1 81
66 69
67 53
25 7
72 14
39 79
39 18
19 57
29 6
26 52
85 34
27 15
38 85
30 31
74 38
85 78
40 22
22 36
8 76
18 51
52 50
44 21
2 66
45 4
69 79
57 47
41 10
62 81
42 64
17 84
34 40
48 76
22 19
29 51
63 68
42 38
22 47
2 78
29 43
25 28
14 64
32 65
71 0
16 81
56 35
59 23
57 52
65 25
45 12
41 9
37 31
33 39
71 18
22 20
84 38
14 22
24 47
5 56
7 76
10 50
5 16
45 65
57 55
33 80
48 72
37 8
57 71
83 26
6 14
25 10
74 32
30 76
79 26
38 73
29 17
19 83
76 63
76 51
0 67
48 4
25 66
69 48
17 83
79 3
64 0
71 72
9 24
58 10
28 41
43 25
81 74
31 73
79 72
37 28
83 74
53 5
82 2
33 41
33 13
69 3
81 79
10 34
8 45
14 75
41 43
65 54
61 13
10 57
37 35
60 3
72 74
45 78
24 71
32 29
76 12
78 76
39 24
85 83
21 41
5 35
18 12
31 15
55 69
50 15
19 81
83 66
1 20
5 23
31 61
24 58
47 17
5 78
76 1
32 70
28 74
49 80
2 21
50 1
26 62
74 45
3 28
84 44
36 51
68 75
3 81
23 41
38 13
30 18
63 39
44 15
13 43
77 43
72 61
5 59
44 2
64 32
7 2
35 64
58 18
60 0
57 78
78 4
44 39
39 71
27 54
28 75
64 36
40 38
65 28
7 53
30 28
30 40
55 10
59 8
53 56
43 6
48 12
67 37
13 67
1 57
50 47
56 83
15 7
47 69
63 3
20 83
55 5
50 12
68 55
27 3
67 30
81 54
3 37
19 8
56 17
68 41
11 49
72 35
16 32
66 45
45 36
80 30
59 49
22 62
52 7
36 57
22 35
26 64
57 8
17 5
19 43
76 71
14 44
12 32
75 80
83 40
0 38
68 13
12 57
45 69
57 48
58 8
68 48
11 39
66 67
6 84
13 10
78 81
38 61
69 59
72 19
16 38
65 76
54 83
50 48
62 13
0 7
27 20
71 12
2 36
30 50
80 11
45 61
72 78
57 69
45 81
76 60
28 44
51 35
49 26
80 19
31 34
19 69
66 35
50 29
45 7
29 68
73 64
15 71
75 66
49 67
27 57
20 19
46 77
82 45
52 56
3 80
13 30
32 15
2 27
34 38
63 57
37 5
35 83
16 28
15 40
78 12
27 6
24 77
50 34
6 30
14 11
21 59
47 76
39 19
34 22
72 17
27 28
36 76
2 76
81 53
69 16
35 19
68 44
55 75
43 78
75 62
14 45
60 67
63 11
39 77
2 48
59 48
18 27
68 66
47 75
27 41
11 64
14 18
37 80
34 80
20 23
54 42
34 11
49 51
61 39
33 53
51 60
70 22
10 85
18 82
52 74
71 53
54 29
66 17
80 32
68 27
41 42
71 5
59 33
22 24
8 21
76 55
40 14
13 71
82 69
69 61
28 55
44 64
39 57
77 41
84 26
56 75
51 6
41 7
82 11
34 81
65 81
47 3
25 4
41 72
12 14
8 16
69 7
41 29
47 46
68 14
58 43
23 13
78 6
0 10
70 31
81 48
66 50
26 71
2 46
25 36
10 23
53 42
66 26
78 67
18 68
27 38
13 48
35 82
66 76
65 35
31 28
18 83
44 48
53 49
71 67
50 16
81 63
26 34
2 25
36 68
34 2
85 84
75 19
4 35
18 72
40 47
79 0
17 51
80 71
39 70
31 14
73 15
67 41
42 6
85 5
85 62
30 85
11 69
68 60
57 22
27 17
35 38
66 31
42 25
16 64
23 44
57 81
60 8
62 5
40 5
31 79
54 15
28 46
27 81
32 2
29 26
60 45
0 16
64 18
22 21
26 7
16 68
40 61
71 31
18 36
17 60
51 66
13 60
56 15
67 31
6 55
63 45
51 65
1 35
82 39
2 37
36 32
19 41
54 74
79 13
82 85
44 69
79 20
10 62
19 44
34 52
80 78
13 5
68 56
40 19
33 67
57 43
39 42
6 63
72 20
53 1
12 79
31 51
12 84
49 64
6 64
73 18
20 69
19 32
40 82
79 50
39 62
10 3
46 42
70 13
11 37
35 39
45 80
52 24
30 9
31 60
4 6
39 84
25 51
38 7
13 42
38 6
73 83
33 40
49 3
49 15
53 39
11 61
43 32
66 39
18 21
45 71
76 10
0 34
57 65
22 56
18 77
35 70
40 73
46 51
21 39
1 39
73 68
72 50
52 61
27 83
7 4
55 72
64 1
6 48
54 71
21 9
57 9
72 13
0 28
55 25
30 52
31 52
16 3
8 49
35 27
43 48
30 2
81 60
17 61
7 22
34 44
25 23
25 78
25 77
24 5
8 41
56 20
8 50
30 68
49 12
18 47
6 21
37 57
21 26
23 46
55 50
85 23
72 47
84 31
18 2
80 50
4 63
11 29
34 45
44 58
83 25
22 29
41 38
14 35
65 18
42 0
24 4
17 62
0 30
49 32
38 30
25 79
58 81
29 0
42 18
32 10
6 65
75 72
64 85
23 18
22 17
78 52
44 7
35 81
26 10
43 21
36 43
52 23
56 81
61 28
51 74
40 1
30 32
31 16
82 10
40 71
29 52
5 66
40 84
0 48
31 36
41 12
52 45
74 40
85 70
56 46
57 77
18 37
7 8
76 43
47 4
2 75
28 79
72 32
22 31
17 80
63 46
73 52
27 9
75 5
42 17
8 65
7 5
64 13
51 63
7 28
39 6
49 75
38 14
11 58
10 54
6 61
3 9
61 8
18 10
46 15
49 45
26 55
74 9
61 85
83 45
9 73
24 64
4 30
82 24
82 46
26 36
11 72
83 33
9 58
38 70
40 29
43 53
12 16
0 81
60 4
62 38
67 1
52 19
37 22
52 36
77 80
78 38
34 24
15 85
84 46
73 11
1 41
59 22
78 8
85 8
26 16
68 21
9 19
80 74
63 43
26 60
42 43
58 39
82 0
24 8
40 9
78 17
83 75
62 11
9 75
65 38
40 62
24 38
77 17
38 71
41 83
53 70
8 30
30 11
69 21
42 69
54 21
48 51
35 61
60 57
50 7
50 81
60 12
77 28
4 29
12 58
36 85
21 31
72 60
50 77
0 00
1 01
2 10
3 00
4 10
5 10
6 00
7 01
8 10
9 10
10 10
11 00
12 10
13 00
14 01
15 10
16 01
17 00
18 00
19 01
20 00
21 01
22 10
23 01
24 00
25 00
26 00
27 01
28 10
29 01
30 01
31 00
32 00
33 01
34 01
35 00
36 01
37 01
38 10
39 10
40 00
41 00
42 01
43 10
44 00
45 00
46 00
47 01
48 01
49 01
50 00
51 10
52 10
53 00
54 00
55 01
56 01
57 00
58 01
59 00
60 01
61 01
62 01
63 01
64 10
65 01
66 01
67 10
68 10
69 10
70 01
71 01
72 10
73 01
74 01
75 00
76 00
77 01
78 01
79 01
80 10
81 10
82 01
83 10
84 01
85 10
